#      mass         d_d         u_u         s_s         c_c         b_b
 1.0000e+01  1.3691e-01  7.5925e-01  3.0424e-02  6.9981e-02  3.4359e-03
 1.5000e+01  1.3425e-01  7.6076e-01  2.8137e-02  7.1773e-02  5.0811e-03
 2.0000e+01  1.3252e-01  7.6502e-01  2.6171e-02  7.0460e-02  5.8275e-03
 2.5000e+01  1.2938e-01  7.7055e-01  2.5766e-02  6.7877e-02  6.4279e-03
 3.0000e+01  1.2986e-01  7.7264e-01  2.5252e-02  6.5999e-02  6.2428e-03
 3.5000e+01  1.3040e-01  7.7706e-01  2.4483e-02  6.1828e-02  6.2289e-03
 4.0000e+01  1.3076e-01  7.7904e-01  2.4719e-02  5.8763e-02  6.7200e-03
 4.4500e+01  1.3424e-01  7.7852e-01  2.4383e-02  5.6187e-02  6.6636e-03
 4.5500e+01  1.3804e-01  7.6834e-01  2.5799e-02  6.0600e-02  7.2120e-03
 5.0000e+01  1.4411e-01  7.6754e-01  2.5458e-02  5.4946e-02  7.9436e-03
 5.5000e+01  1.5919e-01  7.5470e-01  2.7174e-02  5.0492e-02  8.4442e-03
 6.0000e+01  1.8191e-01  7.3477e-01  2.9251e-02  4.4944e-02  9.1267e-03
 6.5000e+01  2.1058e-01  7.0693e-01  3.1926e-02  4.0733e-02  9.8309e-03
 7.0000e+01  2.5015e-01  6.6549e-01  3.6809e-02  3.5777e-02  1.1775e-02
 7.5000e+01  2.9448e-01  6.1859e-01  4.2241e-02  3.1239e-02  1.3458e-02
 1.1000e+02  3.2798e-01  5.9625e-01  3.7936e-02  2.6209e-02  1.1615e-02
 1.1500e+02  3.1169e-01  6.1538e-01  3.5048e-02  2.6258e-02  1.1632e-02
 1.2000e+02  2.9718e-01  6.3261e-01  3.3392e-02  2.5621e-02  1.1195e-02
 1.2500e+02  2.8757e-01  6.4525e-01  3.1569e-02  2.4989e-02  1.0615e-02
 1.3000e+02  2.7746e-01  6.5797e-01  2.9802e-02  2.5202e-02  9.5608e-03
 1.3500e+02  2.6912e-01  6.6837e-01  2.8751e-02  2.4877e-02  8.8903e-03
 1.4000e+02  2.6191e-01  6.7691e-01  2.7570e-02  2.5112e-02  8.4958e-03
 1.4500e+02  2.5639e-01  6.8394e-01  2.6917e-02  2.4446e-02  8.3049e-03
 1.5000e+02  2.4945e-01  6.9193e-01  2.6159e-02  2.4548e-02  7.9217e-03
 1.5500e+02  2.4246e-01  7.0010e-01  2.5277e-02  2.4432e-02  7.7296e-03
 1.6000e+02  2.3515e-01  7.0894e-01  2.3896e-02  2.4349e-02  7.6630e-03
 1.6500e+02  2.2942e-01  7.1600e-01  2.3184e-02  2.3925e-02  7.4651e-03
 1.7000e+02  2.2556e-01  7.2065e-01  2.2101e-02  2.4235e-02  7.4461e-03
 1.7500e+02  2.2316e-01  7.2408e-01  2.1676e-02  2.4149e-02  6.9343e-03
 1.8000e+02  2.1990e-01  7.2827e-01  2.0910e-02  2.4180e-02  6.7387e-03
 1.8500e+02  2.1802e-01  7.3080e-01  2.0160e-02  2.4404e-02  6.6188e-03
 1.9000e+02  2.1453e-01  7.3549e-01  1.9592e-02  2.3934e-02  6.4616e-03
 1.9500e+02  2.1150e-01  7.3942e-01  1.9261e-02  2.3430e-02  6.3852e-03
 2.0000e+02  2.0880e-01  7.4280e-01  1.8850e-02  2.3440e-02  6.1032e-03
