 #    mass       rho0  eta_gamma  omega_pi0      omega        phi        d_d        u_u        s_s        c_c        b_b
 2.140e-01  0.000e+00  6.392e-01  2.391e-01  0.000e+00  0.000e+00  2.212e-02  9.830e-02  1.119e-03  0.000e+00  0.000e+00
 2.143e-01  0.000e+00  6.409e-01  2.371e-01  0.000e+00  0.000e+00  2.218e-02  9.856e-02  1.122e-03  0.000e+00  0.000e+00
 2.147e-01  0.000e+00  6.428e-01  2.349e-01  0.000e+00  0.000e+00  2.224e-02  9.885e-02  1.125e-03  0.000e+00  0.000e+00
 2.151e-01  0.000e+00  6.449e-01  2.324e-01  0.000e+00  0.000e+00  2.231e-02  9.917e-02  1.129e-03  0.000e+00  0.000e+00
 2.155e-01  0.000e+00  6.458e-01  2.313e-01  6.650e-05  0.000e+00  2.234e-02  9.930e-02  1.130e-03  0.000e+00  0.000e+00
 2.159e-01  0.000e+00  6.465e-01  2.304e-01  1.477e-04  0.000e+00  2.237e-02  9.941e-02  1.132e-03  0.000e+00  0.000e+00
 2.164e-01  0.000e+00  6.472e-01  2.295e-01  2.326e-04  0.000e+00  2.239e-02  9.951e-02  1.133e-03  0.000e+00  0.000e+00
 2.169e-01  0.000e+00  6.479e-01  2.285e-01  3.210e-04  0.000e+00  2.242e-02  9.963e-02  1.134e-03  0.000e+00  0.000e+00
 2.174e-01  0.000e+00  6.487e-01  2.275e-01  4.126e-04  0.000e+00  2.244e-02  9.975e-02  1.135e-03  0.000e+00  0.000e+00
 2.179e-01  0.000e+00  6.495e-01  2.264e-01  5.076e-04  0.000e+00  2.247e-02  9.987e-02  1.137e-03  0.000e+00  0.000e+00
 2.184e-01  0.000e+00  6.503e-01  2.254e-01  6.059e-04  0.000e+00  2.250e-02  9.999e-02  1.138e-03  0.000e+00  0.000e+00
 2.190e-01  0.000e+00  6.511e-01  2.243e-01  7.072e-04  0.000e+00  2.253e-02  1.001e-01  1.140e-03  0.000e+00  0.000e+00
 2.196e-01  0.000e+00  6.510e-01  2.245e-01  6.273e-04  0.000e+00  2.252e-02  1.001e-01  1.140e-03  0.000e+00  0.000e+00
 2.202e-01  0.000e+00  6.508e-01  2.248e-01  5.439e-04  0.000e+00  2.252e-02  1.000e-01  1.139e-03  0.000e+00  0.000e+00
 2.209e-01  0.000e+00  6.506e-01  2.251e-01  4.579e-04  0.000e+00  2.251e-02  1.000e-01  1.139e-03  0.000e+00  0.000e+00
 2.215e-01  0.000e+00  6.504e-01  2.254e-01  3.695e-04  0.000e+00  2.250e-02  1.000e-01  1.139e-03  0.000e+00  0.000e+00
 2.222e-01  0.000e+00  6.502e-01  2.257e-01  2.787e-04  0.000e+00  2.250e-02  9.999e-02  1.138e-03  0.000e+00  0.000e+00
 2.229e-01  0.000e+00  6.500e-01  2.261e-01  1.853e-04  0.000e+00  2.249e-02  9.996e-02  1.138e-03  0.000e+00  0.000e+00
 2.236e-01  0.000e+00  6.498e-01  2.264e-01  8.971e-05  0.000e+00  2.248e-02  9.993e-02  1.138e-03  0.000e+00  0.000e+00
 2.244e-01  0.000e+00  6.496e-01  2.268e-01  6.829e-06  0.000e+00  2.248e-02  9.989e-02  1.137e-03  0.000e+00  0.000e+00
 2.252e-01  0.000e+00  6.489e-01  2.275e-01  9.017e-05  0.000e+00  2.245e-02  9.978e-02  1.136e-03  0.000e+00  0.000e+00
 2.260e-01  0.000e+00  6.482e-01  2.283e-01  1.760e-04  0.000e+00  2.243e-02  9.967e-02  1.135e-03  0.000e+00  0.000e+00
 2.268e-01  0.000e+00  6.475e-01  2.291e-01  2.643e-04  0.000e+00  2.240e-02  9.956e-02  1.133e-03  0.000e+00  0.000e+00
 2.276e-01  0.000e+00  6.467e-01  2.299e-01  3.551e-04  0.000e+00  2.238e-02  9.944e-02  1.132e-03  0.000e+00  0.000e+00
 2.285e-01  0.000e+00  6.459e-01  2.307e-01  4.483e-04  0.000e+00  2.235e-02  9.933e-02  1.131e-03  0.000e+00  0.000e+00
 2.294e-01  0.000e+00  6.451e-01  2.315e-01  5.440e-04  0.000e+00  2.232e-02  9.920e-02  1.129e-03  0.000e+00  0.000e+00
 2.303e-01  0.000e+00  6.443e-01  2.324e-01  6.423e-04  0.000e+00  2.229e-02  9.908e-02  1.128e-03  0.000e+00  0.000e+00
 2.313e-01  0.000e+00  6.436e-01  2.332e-01  7.189e-04  0.000e+00  2.227e-02  9.896e-02  1.127e-03  0.000e+00  0.000e+00
 2.322e-01  0.000e+00  6.432e-01  2.338e-01  6.547e-04  0.000e+00  2.225e-02  9.890e-02  1.126e-03  0.000e+00  0.000e+00
 2.332e-01  0.000e+00  6.427e-01  2.344e-01  5.887e-04  0.000e+00  2.224e-02  9.883e-02  1.125e-03  0.000e+00  0.000e+00
 2.342e-01  0.000e+00  6.423e-01  2.350e-01  5.208e-04  0.000e+00  2.222e-02  9.876e-02  1.124e-03  0.000e+00  0.000e+00
 2.352e-01  0.000e+00  6.418e-01  2.356e-01  4.509e-04  0.000e+00  2.221e-02  9.869e-02  1.124e-03  0.000e+00  0.000e+00
 2.363e-01  0.000e+00  6.414e-01  2.362e-01  3.790e-04  0.000e+00  2.219e-02  9.862e-02  1.123e-03  0.000e+00  0.000e+00
 2.373e-01  0.000e+00  6.409e-01  2.368e-01  3.052e-04  0.000e+00  2.217e-02  9.855e-02  1.122e-03  0.000e+00  0.000e+00
 2.384e-01  0.000e+00  6.404e-01  2.375e-01  2.293e-04  0.000e+00  2.216e-02  9.847e-02  1.121e-03  0.000e+00  0.000e+00
 2.396e-01  0.000e+00  6.399e-01  2.381e-01  1.774e-04  0.000e+00  2.214e-02  9.840e-02  1.120e-03  0.000e+00  0.000e+00
 2.407e-01  0.000e+00  6.395e-01  2.386e-01  2.349e-04  0.000e+00  2.213e-02  9.833e-02  1.119e-03  0.000e+00  0.000e+00
 2.418e-01  0.000e+00  6.390e-01  2.391e-01  2.942e-04  0.000e+00  2.211e-02  9.826e-02  1.119e-03  0.000e+00  0.000e+00
 2.430e-01  0.000e+00  6.385e-01  2.396e-01  3.554e-04  0.000e+00  2.209e-02  9.819e-02  1.118e-03  0.000e+00  0.000e+00
 2.442e-01  0.000e+00  6.381e-01  2.401e-01  4.184e-04  0.000e+00  2.208e-02  9.812e-02  1.117e-03  0.000e+00  0.000e+00
 2.454e-01  0.000e+00  6.376e-01  2.406e-01  4.834e-04  0.000e+00  2.206e-02  9.804e-02  1.116e-03  0.000e+00  0.000e+00
 2.467e-01  0.000e+00  6.371e-01  2.412e-01  5.505e-04  0.000e+00  2.204e-02  9.796e-02  1.115e-03  0.000e+00  0.000e+00
 2.480e-01  0.000e+00  6.365e-01  2.417e-01  6.196e-04  0.000e+00  2.202e-02  9.788e-02  1.114e-03  0.000e+00  0.000e+00
 2.492e-01  0.000e+00  6.360e-01  2.423e-01  6.713e-04  0.000e+00  2.201e-02  9.780e-02  1.113e-03  0.000e+00  0.000e+00
 2.505e-01  0.000e+00  6.354e-01  2.430e-01  6.580e-04  0.000e+00  2.198e-02  9.771e-02  1.112e-03  0.000e+00  0.000e+00
 2.519e-01  0.000e+00  6.348e-01  2.438e-01  6.444e-04  0.000e+00  2.196e-02  9.761e-02  1.111e-03  0.000e+00  0.000e+00
 2.532e-01  0.000e+00  6.342e-01  2.446e-01  6.303e-04  0.000e+00  2.194e-02  9.752e-02  1.110e-03  0.000e+00  0.000e+00
 2.546e-01  0.000e+00  6.335e-01  2.454e-01  6.157e-04  0.000e+00  2.192e-02  9.742e-02  1.109e-03  0.000e+00  0.000e+00
 2.560e-01  0.000e+00  6.329e-01  2.462e-01  6.007e-04  0.000e+00  2.190e-02  9.731e-02  1.108e-03  0.000e+00  0.000e+00
 2.574e-01  0.000e+00  6.322e-01  2.470e-01  5.852e-04  0.000e+00  2.187e-02  9.721e-02  1.107e-03  0.000e+00  0.000e+00
 2.588e-01  0.000e+00  6.315e-01  2.479e-01  5.692e-04  0.000e+00  2.185e-02  9.710e-02  1.105e-03  0.000e+00  0.000e+00
 2.602e-01  0.000e+00  6.307e-01  2.488e-01  5.668e-04  0.000e+00  2.182e-02  9.698e-02  1.104e-03  0.000e+00  0.000e+00
 2.617e-01  0.000e+00  6.298e-01  2.498e-01  6.050e-04  0.000e+00  2.179e-02  9.684e-02  1.102e-03  0.000e+00  0.000e+00
 2.632e-01  9.526e-06  6.288e-01  2.508e-01  6.445e-04  0.000e+00  2.176e-02  9.669e-02  1.101e-03  0.000e+00  0.000e+00
 2.647e-01  7.616e-05  6.279e-01  2.519e-01  6.851e-04  0.000e+00  2.172e-02  9.655e-02  1.099e-03  0.000e+00  0.000e+00
 2.662e-01  1.449e-04  6.269e-01  2.530e-01  7.271e-04  0.000e+00  2.169e-02  9.639e-02  1.097e-03  0.000e+00  0.000e+00
 2.677e-01  2.159e-04  6.258e-01  2.541e-01  7.704e-04  0.000e+00  2.165e-02  9.623e-02  1.095e-03  0.000e+00  0.000e+00
 2.693e-01  2.891e-04  6.248e-01  2.552e-01  8.151e-04  0.000e+00  2.162e-02  9.607e-02  1.094e-03  0.000e+00  0.000e+00
 2.709e-01  3.647e-04  6.237e-01  2.564e-01  8.612e-04  0.000e+00  2.158e-02  9.590e-02  1.092e-03  0.000e+00  0.000e+00
 2.725e-01  5.089e-04  6.225e-01  2.576e-01  8.809e-04  0.000e+00  2.154e-02  9.572e-02  1.090e-03  0.000e+00  0.000e+00
 2.741e-01  8.267e-04  6.213e-01  2.588e-01  8.303e-04  0.000e+00  2.150e-02  9.553e-02  1.088e-03  0.000e+00  0.000e+00
 2.757e-01  1.154e-03  6.200e-01  2.601e-01  7.782e-04  0.000e+00  2.145e-02  9.534e-02  1.085e-03  0.000e+00  0.000e+00
 2.773e-01  1.492e-03  6.187e-01  2.613e-01  7.244e-04  0.000e+00  2.141e-02  9.514e-02  1.083e-03  0.000e+00  0.000e+00
 2.790e-01  1.841e-03  6.173e-01  2.627e-01  6.689e-04  0.000e+00  2.136e-02  9.493e-02  1.081e-03  0.000e+00  0.000e+00
 2.807e-01  2.200e-03  6.158e-01  2.640e-01  6.115e-04  0.000e+00  2.134e-02  9.486e-02  1.080e-03  0.000e+00  0.000e+00
 2.824e-01  2.570e-03  6.141e-01  2.653e-01  5.521e-04  0.000e+00  2.137e-02  9.498e-02  1.081e-03  0.000e+00  0.000e+00
 2.841e-01  2.952e-03  6.123e-01  2.666e-01  4.909e-04  0.000e+00  2.140e-02  9.510e-02  1.083e-03  0.000e+00  0.000e+00
 2.858e-01  3.383e-03  6.104e-01  2.679e-01  4.520e-04  0.000e+00  2.142e-02  9.521e-02  1.084e-03  0.000e+00  0.000e+00
 2.876e-01  3.913e-03  6.085e-01  2.692e-01  4.674e-04  0.000e+00  2.145e-02  9.531e-02  1.085e-03  0.000e+00  0.000e+00
 2.893e-01  4.460e-03  6.064e-01  2.706e-01  4.833e-04  0.000e+00  2.147e-02  9.541e-02  1.086e-03  0.000e+00  0.000e+00
 2.911e-01  5.025e-03  6.043e-01  2.720e-01  4.998e-04  0.000e+00  2.149e-02  9.551e-02  1.087e-03  0.000e+00  0.000e+00
 2.929e-01  5.608e-03  6.021e-01  2.734e-01  5.168e-04  0.000e+00  2.152e-02  9.562e-02  1.089e-03  0.000e+00  0.000e+00
 2.947e-01  6.209e-03  5.999e-01  2.749e-01  5.343e-04  0.000e+00  2.154e-02  9.573e-02  1.090e-03  0.000e+00  0.000e+00
 2.966e-01  6.831e-03  5.976e-01  2.764e-01  5.524e-04  0.000e+00  2.157e-02  9.585e-02  1.091e-03  0.000e+00  0.000e+00
 2.984e-01  7.472e-03  5.951e-01  2.780e-01  5.710e-04  0.000e+00  2.161e-02  9.603e-02  1.093e-03  0.000e+00  0.000e+00
 3.003e-01  8.160e-03  5.924e-01  2.794e-01  5.796e-04  0.000e+00  2.171e-02  9.651e-02  1.099e-03  0.000e+00  0.000e+00
 3.021e-01  8.929e-03  5.896e-01  2.809e-01  5.666e-04  0.000e+00  2.181e-02  9.695e-02  1.104e-03  0.000e+00  0.000e+00
 3.040e-01  9.723e-03  5.867e-01  2.825e-01  5.532e-04  0.000e+00  2.192e-02  9.741e-02  1.109e-03  0.000e+00  0.000e+00
 3.059e-01  1.054e-02  5.837e-01  2.841e-01  5.394e-04  0.000e+00  2.202e-02  9.788e-02  1.114e-03  0.000e+00  0.000e+00
 3.078e-01  1.138e-02  5.806e-01  2.857e-01  5.251e-04  0.000e+00  2.213e-02  9.836e-02  1.120e-03  0.000e+00  0.000e+00
 3.098e-01  1.226e-02  5.774e-01  2.874e-01  5.104e-04  0.000e+00  2.225e-02  9.886e-02  1.125e-03  0.000e+00  0.000e+00
 3.117e-01  1.316e-02  5.742e-01  2.892e-01  4.952e-04  0.000e+00  2.236e-02  9.938e-02  1.131e-03  0.000e+00  0.000e+00
 3.137e-01  1.409e-02  5.708e-01  2.910e-01  4.795e-04  0.000e+00  2.248e-02  9.992e-02  1.137e-03  0.000e+00  0.000e+00
 3.157e-01  1.507e-02  5.674e-01  2.928e-01  4.742e-04  0.000e+00  2.259e-02  1.004e-01  1.143e-03  0.000e+00  0.000e+00
 3.177e-01  1.612e-02  5.641e-01  2.945e-01  4.904e-04  0.000e+00  2.268e-02  1.008e-01  1.148e-03  0.000e+00  0.000e+00
 3.197e-01  1.720e-02  5.608e-01  2.962e-01  5.071e-04  0.000e+00  2.277e-02  1.012e-01  1.152e-03  0.000e+00  0.000e+00
 3.217e-01  1.832e-02  5.573e-01  2.980e-01  5.243e-04  0.000e+00  2.287e-02  1.016e-01  1.157e-03  0.000e+00  0.000e+00
 3.237e-01  1.947e-02  5.537e-01  2.999e-01  5.421e-04  0.000e+00  2.297e-02  1.020e-01  1.162e-03  0.000e+00  0.000e+00
 3.257e-01  2.066e-02  5.500e-01  3.018e-01  5.603e-04  0.000e+00  2.308e-02  1.025e-01  1.168e-03  0.000e+00  0.000e+00
 3.278e-01  2.188e-02  5.460e-01  3.037e-01  5.790e-04  0.000e+00  2.324e-02  1.032e-01  1.176e-03  0.000e+00  0.000e+00
 3.299e-01  2.314e-02  5.419e-01  3.056e-01  5.983e-04  0.000e+00  2.341e-02  1.040e-01  1.184e-03  0.000e+00  0.000e+00
 3.320e-01  2.437e-02  5.378e-01  3.076e-01  6.407e-04  0.000e+00  2.357e-02  1.047e-01  1.192e-03  0.000e+00  0.000e+00
 3.341e-01  2.550e-02  5.338e-01  3.095e-01  7.257e-04  0.000e+00  2.372e-02  1.053e-01  1.199e-03  0.000e+00  0.000e+00
 3.362e-01  2.667e-02  5.297e-01  3.115e-01  8.133e-04  0.000e+00  2.388e-02  1.060e-01  1.207e-03  0.000e+00  0.000e+00
 3.383e-01  2.788e-02  5.255e-01  3.135e-01  9.037e-04  0.000e+00  2.404e-02  1.067e-01  1.215e-03  0.000e+00  0.000e+00
 3.404e-01  2.912e-02  5.212e-01  3.156e-01  9.969e-04  0.000e+00  2.420e-02  1.074e-01  1.223e-03  0.000e+00  0.000e+00
 3.426e-01  3.040e-02  5.167e-01  3.178e-01  1.093e-03  0.000e+00  2.437e-02  1.082e-01  1.231e-03  0.000e+00  0.000e+00
 3.447e-01  3.173e-02  5.121e-01  3.201e-01  1.192e-03  0.000e+00  2.454e-02  1.090e-01  1.240e-03  0.000e+00  0.000e+00
 3.469e-01  3.309e-02  5.073e-01  3.224e-01  1.294e-03  0.000e+00  2.472e-02  1.097e-01  1.249e-03  0.000e+00  0.000e+00
 3.491e-01  3.448e-02  5.025e-01  3.246e-01  1.370e-03  1.025e-04  2.490e-02  1.105e-01  1.258e-03  0.000e+00  0.000e+00
 3.513e-01  3.588e-02  4.978e-01  3.267e-01  1.394e-03  3.872e-04  2.507e-02  1.113e-01  1.266e-03  0.000e+00  0.000e+00
 3.535e-01  3.731e-02  4.930e-01  3.288e-01  1.420e-03  6.811e-04  2.525e-02  1.120e-01  1.275e-03  0.000e+00  0.000e+00
 3.557e-01  3.879e-02  4.879e-01  3.310e-01  1.446e-03  9.843e-04  2.544e-02  1.129e-01  1.284e-03  0.000e+00  0.000e+00
 3.579e-01  4.031e-02  4.826e-01  3.332e-01  1.472e-03  1.297e-03  2.567e-02  1.139e-01  1.296e-03  0.000e+00  0.000e+00
 3.602e-01  4.188e-02  4.771e-01  3.355e-01  1.500e-03  1.620e-03  2.591e-02  1.150e-01  1.307e-03  0.000e+00  0.000e+00
 3.624e-01  4.351e-02  4.714e-01  3.378e-01  1.528e-03  1.954e-03  2.616e-02  1.161e-01  1.320e-03  0.000e+00  0.000e+00
 3.647e-01  4.519e-02  4.656e-01  3.402e-01  1.558e-03  2.299e-03  2.641e-02  1.172e-01  1.332e-03  0.000e+00  0.000e+00
 3.670e-01  4.682e-02  4.598e-01  3.426e-01  1.568e-03  2.625e-03  2.666e-02  1.183e-01  1.345e-03  0.000e+00  0.000e+00
 3.693e-01  4.833e-02  4.544e-01  3.449e-01  1.545e-03  2.910e-03  2.691e-02  1.194e-01  1.357e-03  0.000e+00  0.000e+00
 3.715e-01  4.990e-02  4.489e-01  3.472e-01  1.521e-03  3.203e-03  2.716e-02  1.205e-01  1.370e-03  0.000e+00  0.000e+00
 3.739e-01  5.151e-02  4.431e-01  3.497e-01  1.497e-03  3.507e-03  2.742e-02  1.217e-01  1.383e-03  0.000e+00  0.000e+00
 3.762e-01  5.318e-02  4.372e-01  3.522e-01  1.472e-03  3.821e-03  2.769e-02  1.229e-01  1.396e-03  0.000e+00  0.000e+00
 3.785e-01  5.491e-02  4.310e-01  3.548e-01  1.445e-03  4.146e-03  2.797e-02  1.241e-01  1.410e-03  0.000e+00  0.000e+00
 3.808e-01  5.670e-02  4.246e-01  3.575e-01  1.418e-03  4.482e-03  2.825e-02  1.254e-01  1.424e-03  0.000e+00  0.000e+00
 3.832e-01  5.856e-02  4.180e-01  3.603e-01  1.390e-03  4.830e-03  2.855e-02  1.267e-01  1.439e-03  0.000e+00  0.000e+00
 3.856e-01  6.042e-02  4.114e-01  3.632e-01  1.402e-03  4.946e-03  2.885e-02  1.281e-01  1.454e-03  0.000e+00  0.000e+00
 3.879e-01  6.226e-02  4.049e-01  3.664e-01  1.478e-03  4.675e-03  2.915e-02  1.294e-01  1.469e-03  0.000e+00  0.000e+00
 3.903e-01  6.414e-02  3.981e-01  3.696e-01  1.556e-03  4.393e-03  2.949e-02  1.309e-01  1.487e-03  0.000e+00  0.000e+00
 3.927e-01  6.610e-02  3.911e-01  3.730e-01  1.637e-03  4.102e-03  2.984e-02  1.325e-01  1.505e-03  0.000e+00  0.000e+00
 3.951e-01  6.812e-02  3.838e-01  3.764e-01  1.722e-03  3.800e-03  3.020e-02  1.341e-01  1.524e-03  0.000e+00  0.000e+00
 3.975e-01  7.022e-02  3.763e-01  3.800e-01  1.809e-03  3.487e-03  3.057e-02  1.358e-01  1.543e-03  0.000e+00  0.000e+00
 3.999e-01  7.239e-02  3.684e-01  3.837e-01  1.899e-03  3.163e-03  3.096e-02  1.376e-01  1.563e-03  0.000e+00  0.000e+00
 4.024e-01  7.465e-02  3.603e-01  3.876e-01  1.993e-03  2.826e-03  3.136e-02  1.394e-01  1.584e-03  0.000e+00  0.000e+00
 4.048e-01  7.703e-02  3.521e-01  3.913e-01  2.054e-03  2.623e-03  3.175e-02  1.412e-01  1.605e-03  0.000e+00  0.000e+00
 4.072e-01  7.955e-02  3.440e-01  3.948e-01  2.062e-03  2.637e-03  3.212e-02  1.429e-01  1.624e-03  0.000e+00  0.000e+00
 4.097e-01  8.215e-02  3.356e-01  3.985e-01  2.070e-03  2.652e-03  3.250e-02  1.446e-01  1.644e-03  0.000e+00  0.000e+00
 4.122e-01  8.485e-02  3.269e-01  4.023e-01  2.079e-03  2.667e-03  3.289e-02  1.464e-01  1.664e-03  0.000e+00  0.000e+00
 4.146e-01  8.765e-02  3.178e-01  4.062e-01  2.088e-03  2.683e-03  3.330e-02  1.483e-01  1.685e-03  0.000e+00  0.000e+00
 4.171e-01  9.055e-02  3.085e-01  4.103e-01  2.097e-03  2.700e-03  3.372e-02  1.502e-01  1.707e-03  0.000e+00  0.000e+00
 4.196e-01  9.356e-02  2.987e-01  4.145e-01  2.107e-03  2.717e-03  3.416e-02  1.522e-01  1.730e-03  0.000e+00  0.000e+00
 4.221e-01  9.668e-02  2.886e-01  4.188e-01  2.117e-03  2.734e-03  3.463e-02  1.543e-01  1.755e-03  0.000e+00  0.000e+00
 4.246e-01  9.947e-02  2.790e-01  4.227e-01  2.194e-03  3.001e-03  3.509e-02  1.564e-01  1.779e-03  0.000e+00  0.000e+00
 4.272e-01  1.017e-01  2.704e-01  4.259e-01  2.374e-03  3.646e-03  3.551e-02  1.582e-01  1.801e-03  0.000e+00  0.000e+00
 4.297e-01  1.040e-01  2.615e-01  4.292e-01  2.561e-03  4.314e-03  3.594e-02  1.602e-01  1.824e-03  0.000e+00  0.000e+00
 4.322e-01  1.064e-01  2.523e-01  4.327e-01  2.754e-03  5.005e-03  3.639e-02  1.622e-01  1.847e-03  0.000e+00  0.000e+00
 4.348e-01  1.089e-01  2.428e-01  4.362e-01  2.953e-03  5.720e-03  3.685e-02  1.643e-01  1.872e-03  0.000e+00  0.000e+00
 4.373e-01  1.114e-01  2.329e-01  4.399e-01  3.160e-03  6.461e-03  3.733e-02  1.665e-01  1.897e-03  0.000e+00  0.000e+00
 4.399e-01  1.141e-01  2.227e-01  4.437e-01  3.375e-03  7.228e-03  3.783e-02  1.687e-01  1.923e-03  0.000e+00  0.000e+00
 4.425e-01  1.169e-01  2.120e-01  4.476e-01  3.597e-03  8.025e-03  3.835e-02  1.710e-01  1.951e-03  0.000e+00  0.000e+00
 4.450e-01  1.195e-01  2.023e-01  4.513e-01  3.760e-03  8.396e-03  3.886e-02  1.733e-01  1.977e-03  0.000e+00  0.000e+00
 4.476e-01  1.217e-01  1.942e-01  4.547e-01  3.832e-03  8.127e-03  3.934e-02  1.755e-01  2.003e-03  0.000e+00  0.000e+00
 4.502e-01  1.241e-01  1.858e-01  4.581e-01  3.907e-03  7.849e-03  3.985e-02  1.778e-01  2.030e-03  0.000e+00  0.000e+00
 4.528e-01  1.265e-01  1.770e-01  4.617e-01  3.984e-03  7.561e-03  4.038e-02  1.802e-01  2.058e-03  0.000e+00  0.000e+00
 4.555e-01  1.291e-01  1.680e-01  4.654e-01  4.064e-03  7.262e-03  4.092e-02  1.826e-01  2.087e-03  0.000e+00  0.000e+00
 4.581e-01  1.317e-01  1.586e-01  4.692e-01  4.147e-03  6.952e-03  4.148e-02  1.852e-01  2.116e-03  0.000e+00  0.000e+00
 4.607e-01  1.344e-01  1.488e-01  4.732e-01  4.233e-03  6.631e-03  4.206e-02  1.878e-01  2.147e-03  0.000e+00  0.000e+00
 4.633e-01  1.373e-01  1.387e-01  4.773e-01  4.322e-03  6.296e-03  4.267e-02  1.905e-01  2.179e-03  0.000e+00  0.000e+00
 4.660e-01  1.404e-01  1.295e-01  4.806e-01  4.523e-03  5.811e-03  4.320e-02  1.930e-01  2.208e-03  0.000e+00  0.000e+00
 4.686e-01  1.438e-01  1.219e-01  4.827e-01  4.880e-03  5.118e-03  4.363e-02  1.949e-01  2.231e-03  0.000e+00  0.000e+00
 4.713e-01  1.474e-01  1.141e-01  4.848e-01  5.247e-03  4.405e-03  4.407e-02  1.970e-01  2.255e-03  0.000e+00  0.000e+00
 4.740e-01  1.510e-01  1.060e-01  4.870e-01  5.626e-03  3.670e-03  4.452e-02  1.991e-01  2.279e-03  0.000e+00  0.000e+00
 4.766e-01  1.548e-01  9.768e-02  4.892e-01  6.016e-03  2.912e-03  4.499e-02  2.012e-01  2.305e-03  0.000e+00  0.000e+00
 4.793e-01  1.586e-01  8.908e-02  4.915e-01  6.419e-03  2.129e-03  4.547e-02  2.034e-01  2.331e-03  0.000e+00  0.000e+00
 4.820e-01  1.626e-01  8.020e-02  4.939e-01  6.835e-03  1.321e-03  4.597e-02  2.057e-01  2.358e-03  0.000e+00  0.000e+00
 4.847e-01  1.668e-01  7.103e-02  4.963e-01  7.265e-03  4.878e-04  4.648e-02  2.081e-01  2.385e-03  0.000e+00  0.000e+00
 4.874e-01  1.711e-01  6.342e-02  4.973e-01  7.640e-03  1.512e-04  4.687e-02  2.099e-01  2.407e-03  0.000e+00  0.000e+00
 4.901e-01  1.754e-01  5.812e-02  4.963e-01  7.932e-03  5.077e-04  4.707e-02  2.108e-01  2.419e-03  0.000e+00  0.000e+00
 4.929e-01  1.799e-01  5.272e-02  4.952e-01  8.230e-03  8.710e-04  4.727e-02  2.118e-01  2.431e-03  0.000e+00  0.000e+00
 4.956e-01  1.844e-01  4.722e-02  4.942e-01  8.534e-03  1.241e-03  4.746e-02  2.128e-01  2.441e-03  0.000e+00  0.000e+00
 4.983e-01  1.891e-01  4.161e-02  4.932e-01  8.845e-03  1.619e-03  4.760e-02  2.137e-01  2.449e-03  0.000e+00  0.000e+00
 5.011e-01  1.939e-01  3.589e-02  4.922e-01  9.163e-03  2.005e-03  4.775e-02  2.146e-01  2.457e-03  0.000e+00  0.000e+00
 5.038e-01  1.987e-01  3.006e-02  4.912e-01  9.487e-03  2.398e-03  4.790e-02  2.156e-01  2.465e-03  0.000e+00  0.000e+00
 5.066e-01  2.037e-01  2.411e-02  4.901e-01  9.818e-03  2.799e-03  4.805e-02  2.165e-01  2.473e-03  0.000e+00  0.000e+00
 5.093e-01  2.073e-01  1.965e-02  4.856e-01  9.967e-03  3.631e-03  4.788e-02  2.160e-01  2.464e-03  0.000e+00  0.000e+00
 5.121e-01  2.090e-01  1.725e-02  4.766e-01  9.876e-03  4.999e-03  4.729e-02  2.136e-01  2.434e-03  0.000e+00  0.000e+00
 5.149e-01  2.106e-01  1.487e-02  4.678e-01  9.787e-03  6.352e-03  4.670e-02  2.113e-01  2.404e-03  0.000e+00  0.000e+00
 5.177e-01  2.123e-01  1.253e-02  4.590e-01  9.698e-03  7.690e-03  4.612e-02  2.089e-01  2.374e-03  0.000e+00  0.000e+00
 5.205e-01  2.140e-01  1.020e-02  4.503e-01  9.610e-03  9.014e-03  4.554e-02  2.066e-01  2.345e-03  0.000e+00  0.000e+00
 5.233e-01  2.156e-01  7.913e-03  4.417e-01  9.523e-03  1.032e-02  4.497e-02  2.043e-01  2.316e-03  0.000e+00  0.000e+00
 5.718e-01  2.907e-01  0.000e+00  3.470e-01  1.598e-02  9.776e-03  4.169e-02  1.961e-01  2.072e-03  0.000e+00  0.000e+00
 5.748e-01  3.168e-01  0.000e+00  3.635e-01  1.767e-02  8.955e-03  4.433e-02  2.090e-01  2.194e-03  0.000e+00  0.000e+00
 5.777e-01  3.368e-01  0.000e+00  3.691e-01  1.911e-02  8.897e-03  4.586e-02  2.166e-01  2.259e-03  0.000e+00  0.000e+00
 5.806e-01  3.458e-01  0.000e+00  3.590e-01  2.002e-02  9.882e-03  4.567e-02  2.162e-01  2.238e-03  0.000e+00  0.000e+00
 5.835e-01  3.549e-01  0.000e+00  3.489e-01  2.094e-02  1.088e-02  4.547e-02  2.157e-01  2.216e-03  0.000e+00  0.000e+00
 5.865e-01  3.641e-01  0.000e+00  3.386e-01  2.188e-02  1.189e-02  4.527e-02  2.152e-01  2.195e-03  0.000e+00  0.000e+00
 5.894e-01  3.735e-01  0.000e+00  3.281e-01  2.283e-02  1.292e-02  4.507e-02  2.147e-01  2.173e-03  0.000e+00  0.000e+00
 5.924e-01  3.830e-01  0.000e+00  3.175e-01  2.379e-02  1.396e-02  4.487e-02  2.142e-01  2.150e-03  0.000e+00  0.000e+00
 5.953e-01  3.926e-01  0.000e+00  3.067e-01  2.477e-02  1.502e-02  4.466e-02  2.137e-01  2.128e-03  0.000e+00  0.000e+00
 5.983e-01  4.023e-01  0.000e+00  2.958e-01  2.576e-02  1.609e-02  4.445e-02  2.132e-01  2.105e-03  0.000e+00  0.000e+00
 6.013e-01  4.135e-01  0.000e+00  2.836e-01  2.700e-02  1.679e-02  4.423e-02  2.126e-01  2.081e-03  0.000e+00  0.000e+00
 6.042e-01  4.262e-01  0.000e+00  2.701e-01  2.852e-02  1.704e-02  4.398e-02  2.120e-01  2.056e-03  0.000e+00  0.000e+00
 6.072e-01  4.391e-01  0.000e+00  2.563e-01  3.007e-02  1.729e-02  4.374e-02  2.113e-01  2.031e-03  0.000e+00  0.000e+00
 6.102e-01  4.521e-01  0.000e+00  2.424e-01  3.163e-02  1.754e-02  4.349e-02  2.107e-01  2.005e-03  0.000e+00  0.000e+00
 6.132e-01  4.654e-01  0.000e+00  2.282e-01  3.322e-02  1.779e-02  4.324e-02  2.100e-01  1.979e-03  0.000e+00  0.000e+00
 6.162e-01  4.788e-01  0.000e+00  2.139e-01  3.482e-02  1.805e-02  4.302e-02  2.094e-01  1.957e-03  0.000e+00  0.000e+00
 6.192e-01  4.922e-01  0.000e+00  1.993e-01  3.644e-02  1.831e-02  4.284e-02  2.088e-01  1.940e-03  0.000e+00  0.000e+00
 6.222e-01  5.059e-01  0.000e+00  1.845e-01  3.808e-02  1.857e-02  4.266e-02  2.082e-01  1.923e-03  0.000e+00  0.000e+00
 6.252e-01  5.198e-01  0.000e+00  1.703e-01  3.954e-02  1.888e-02  4.235e-02  2.070e-01  1.899e-03  0.000e+00  0.000e+00
 6.282e-01  5.339e-01  0.000e+00  1.571e-01  4.077e-02  1.925e-02  4.189e-02  2.051e-01  1.869e-03  0.000e+00  0.000e+00
 6.312e-01  5.480e-01  0.000e+00  1.438e-01  4.200e-02  1.963e-02  4.143e-02  2.031e-01  1.839e-03  0.000e+00  0.000e+00
 6.343e-01  5.621e-01  0.000e+00  1.306e-01  4.322e-02  2.000e-02  4.096e-02  2.012e-01  1.809e-03  0.000e+00  0.000e+00
 6.373e-01  5.762e-01  0.000e+00  1.173e-01  4.445e-02  2.037e-02  4.050e-02  1.992e-01  1.779e-03  0.000e+00  0.000e+00
 6.404e-01  5.903e-01  0.000e+00  1.040e-01  4.568e-02  2.075e-02  4.004e-02  1.973e-01  1.748e-03  0.000e+00  0.000e+00
 6.434e-01  6.044e-01  0.000e+00  9.081e-02  4.691e-02  2.112e-02  3.958e-02  1.953e-01  1.718e-03  0.000e+00  0.000e+00
 6.465e-01  6.185e-01  0.000e+00  7.753e-02  4.814e-02  2.149e-02  3.911e-02  1.934e-01  1.688e-03  0.000e+00  0.000e+00
 6.495e-01  6.307e-01  0.000e+00  6.725e-02  5.024e-02  2.145e-02  3.840e-02  1.902e-01  1.647e-03  0.000e+00  0.000e+00
 6.526e-01  6.405e-01  0.000e+00  6.048e-02  5.328e-02  2.094e-02  3.742e-02  1.857e-01  1.595e-03  0.000e+00  0.000e+00
 6.556e-01  6.500e-01  0.000e+00  5.388e-02  5.624e-02  2.045e-02  3.647e-02  1.813e-01  1.544e-03  0.000e+00  0.000e+00
 6.587e-01  6.592e-01  0.000e+00  4.745e-02  5.910e-02  1.997e-02  3.558e-02  1.771e-01  1.501e-03  0.000e+00  0.000e+00
 6.618e-01  6.679e-01  0.000e+00  4.118e-02  6.187e-02  1.949e-02  3.478e-02  1.732e-01  1.465e-03  0.000e+00  0.000e+00
 6.649e-01  6.763e-01  0.000e+00  3.507e-02  6.456e-02  1.903e-02  3.401e-02  1.694e-01  1.431e-03  0.000e+00  0.000e+00
 6.680e-01  6.846e-01  0.000e+00  2.913e-02  6.719e-02  1.858e-02  3.325e-02  1.658e-01  1.398e-03  0.000e+00  0.000e+00
 6.711e-01  6.926e-01  0.000e+00  2.334e-02  6.974e-02  1.814e-02  3.251e-02  1.622e-01  1.365e-03  0.000e+00  0.000e+00
 6.742e-01  6.988e-01  0.000e+00  1.960e-02  7.285e-02  1.784e-02  3.163e-02  1.579e-01  1.327e-03  0.000e+00  0.000e+00
 6.773e-01  7.029e-01  0.000e+00  1.804e-02  7.648e-02  1.769e-02  3.061e-02  1.529e-01  1.282e-03  0.000e+00  0.000e+00
 6.804e-01  7.069e-01  0.000e+00  1.654e-02  7.995e-02  1.755e-02  2.963e-02  1.481e-01  1.240e-03  0.000e+00  0.000e+00
 6.835e-01  7.107e-01  0.000e+00  1.512e-02  8.326e-02  1.741e-02  2.870e-02  1.435e-01  1.200e-03  0.000e+00  0.000e+00
 6.866e-01  7.143e-01  0.000e+00  1.375e-02  8.644e-02  1.728e-02  2.780e-02  1.391e-01  1.161e-03  0.000e+00  0.000e+00
 6.898e-01  7.178e-01  0.000e+00  1.245e-02  8.947e-02  1.715e-02  2.695e-02  1.349e-01  1.124e-03  0.000e+00  0.000e+00
 6.929e-01  7.211e-01  0.000e+00  1.119e-02  9.239e-02  1.703e-02  2.613e-02  1.309e-01  1.088e-03  0.000e+00  0.000e+00
 6.960e-01  7.243e-01  0.000e+00  9.997e-03  9.518e-02  1.692e-02  2.534e-02  1.271e-01  1.054e-03  0.000e+00  0.000e+00
 6.992e-01  7.250e-01  0.000e+00  9.178e-03  1.000e-01  1.691e-02  2.455e-02  1.232e-01  1.020e-03  0.000e+00  0.000e+00
 7.023e-01  7.231e-01  0.000e+00  8.747e-03  1.068e-01  1.701e-02  2.378e-02  1.194e-01  9.881e-04  0.000e+00  0.000e+00
 7.055e-01  7.212e-01  0.000e+00  8.334e-03  1.134e-01  1.710e-02  2.307e-02  1.158e-01  9.596e-04  0.000e+00  0.000e+00
 7.086e-01  7.193e-01  0.000e+00  7.938e-03  1.197e-01  1.718e-02  2.240e-02  1.124e-01  9.323e-04  0.000e+00  0.000e+00
 7.118e-01  7.175e-01  0.000e+00  7.560e-03  1.257e-01  1.726e-02  2.175e-02  1.091e-01  9.062e-04  0.000e+00  0.000e+00
 7.149e-01  7.158e-01  0.000e+00  7.197e-03  1.314e-01  1.734e-02  2.112e-02  1.060e-01  8.811e-04  0.000e+00  0.000e+00
 7.181e-01  7.142e-01  0.000e+00  6.849e-03  1.370e-01  1.742e-02  2.053e-02  1.030e-01  8.571e-04  0.000e+00  0.000e+00
 7.213e-01  7.126e-01  0.000e+00  6.515e-03  1.423e-01  1.749e-02  1.996e-02  1.001e-01  8.340e-04  0.000e+00  0.000e+00
 7.245e-01  6.987e-01  0.000e+00  6.163e-03  1.613e-01  1.721e-02  1.921e-02  9.646e-02  8.039e-04  0.000e+00  0.000e+00
 7.277e-01  6.732e-01  0.000e+00  5.805e-03  1.931e-01  1.661e-02  1.833e-02  9.201e-02  7.676e-04  0.000e+00  0.000e+00
 7.309e-01  6.496e-01  0.000e+00  5.473e-03  2.226e-01  1.605e-02  1.751e-02  8.789e-02  7.341e-04  0.000e+00  0.000e+00
 7.341e-01  6.277e-01  0.000e+00  5.164e-03  2.500e-01  1.553e-02  1.675e-02  8.406e-02  7.029e-04  0.000e+00  0.000e+00
 7.373e-01  6.072e-01  0.000e+00  4.876e-03  2.755e-01  1.504e-02  1.604e-02  8.049e-02  6.738e-04  0.000e+00  0.000e+00
 7.405e-01  5.882e-01  0.000e+00  4.608e-03  2.993e-01  1.459e-02  1.537e-02  7.716e-02  6.467e-04  0.000e+00  0.000e+00
 8.275e-01  4.780e-01  0.000e+00  6.019e-03  3.003e-01  5.985e-02  2.595e-02  1.288e-01  9.357e-04  0.000e+00  0.000e+00
 8.308e-01  4.777e-01  0.000e+00  6.263e-03  2.892e-01  6.515e-02  2.695e-02  1.336e-01  9.594e-04  0.000e+00  0.000e+00
 8.342e-01  4.774e-01  0.000e+00  6.532e-03  2.768e-01  7.101e-02  2.805e-02  1.390e-01  9.856e-04  0.000e+00  0.000e+00
 8.375e-01  4.771e-01  0.000e+00  6.831e-03  2.631e-01  7.752e-02  2.929e-02  1.450e-01  1.015e-03  0.000e+00  2.444e-13
 8.409e-01  4.764e-01  0.000e+00  7.162e-03  2.476e-01  8.477e-02  3.073e-02  1.521e-01  1.051e-03  0.000e+00  3.400e-12
 8.442e-01  4.757e-01  0.000e+00  7.535e-03  2.302e-01  9.292e-02  3.235e-02  1.601e-01  1.092e-03  0.000e+00  6.951e-12
 8.476e-01  4.749e-01  0.000e+00  7.957e-03  2.104e-01  1.021e-01  3.418e-02  1.691e-01  1.138e-03  0.000e+00  1.097e-11
 8.509e-01  4.740e-01  0.000e+00  8.440e-03  1.879e-01  1.127e-01  3.627e-02  1.794e-01  1.191e-03  0.000e+00  1.557e-11
 8.543e-01  4.722e-01  0.000e+00  8.957e-03  1.642e-01  1.243e-01  3.851e-02  1.904e-01  1.246e-03  0.000e+00  2.078e-11
 8.577e-01  4.647e-01  0.000e+00  9.187e-03  1.581e-01  1.324e-01  3.941e-02  1.948e-01  1.256e-03  0.000e+00  2.570e-11
 8.610e-01  4.566e-01  0.000e+00  9.432e-03  1.515e-01  1.411e-01  4.038e-02  1.995e-01  1.266e-03  0.000e+00  3.096e-11
 8.644e-01  4.479e-01  0.000e+00  9.694e-03  1.445e-01  1.505e-01  4.141e-02  2.045e-01  1.278e-03  0.000e+00  3.660e-11
 8.678e-01  4.386e-01  0.000e+00  9.976e-03  1.370e-01  1.605e-01  4.252e-02  2.099e-01  1.290e-03  0.000e+00  4.265e-11
 8.712e-01  4.286e-01  0.000e+00  1.028e-02  1.289e-01  1.713e-01  4.372e-02  2.157e-01  1.303e-03  0.000e+00  4.917e-11
 8.746e-01  4.178e-01  0.000e+00  1.060e-02  1.202e-01  1.829e-01  4.501e-02  2.220e-01  1.317e-03  0.000e+00  5.622e-11
 8.780e-01  4.060e-01  0.000e+00  1.096e-02  1.107e-01  1.955e-01  4.641e-02  2.288e-01  1.333e-03  0.000e+00  6.385e-11
 8.814e-01  3.938e-01  0.000e+00  1.132e-02  1.012e-01  2.086e-01  4.782e-02  2.357e-01  1.347e-03  0.000e+00  7.199e-11
 8.848e-01  3.847e-01  0.000e+00  1.149e-02  9.733e-02  2.175e-01  4.850e-02  2.390e-01  1.340e-03  0.000e+00  9.818e-11
 8.882e-01  3.744e-01  0.000e+00  1.164e-02  9.300e-02  2.262e-01  4.944e-02  2.438e-01  1.363e-03  0.000e+00  3.187e-10
 8.916e-01  3.635e-01  0.000e+00  1.180e-02  8.847e-02  2.354e-01  5.042e-02  2.489e-01  1.387e-03  0.000e+00  5.493e-10
 8.950e-01  3.521e-01  0.000e+00  1.196e-02  8.374e-02  2.450e-01  5.145e-02  2.542e-01  1.412e-03  0.000e+00  7.904e-10
 8.984e-01  3.402e-01  0.000e+00  1.214e-02  7.878e-02  2.550e-01  5.253e-02  2.597e-01  1.438e-03  0.000e+00  1.043e-09
 9.019e-01  3.278e-01  0.000e+00  1.232e-02  7.358e-02  2.655e-01  5.366e-02  2.655e-01  1.465e-03  0.000e+00  1.308e-09
 9.053e-01  3.147e-01  0.000e+00  1.251e-02  6.812e-02  2.766e-01  5.485e-02  2.716e-01  1.494e-03  0.000e+00  1.586e-09
 9.087e-01  3.006e-01  0.000e+00  1.265e-02  6.254e-02  2.898e-01  5.585e-02  2.769e-01  1.517e-03  0.000e+00  1.870e-09
 9.122e-01  2.841e-01  0.000e+00  1.233e-02  5.814e-02  3.156e-01  5.505e-02  2.731e-01  1.491e-03  0.000e+00  2.096e-09
 9.156e-01  2.680e-01  0.000e+00  1.201e-02  5.383e-02  3.408e-01  5.426e-02  2.694e-01  1.466e-03  0.000e+00  2.317e-09
 9.191e-01  2.523e-01  0.000e+00  1.171e-02  4.962e-02  3.654e-01  5.349e-02  2.659e-01  1.442e-03  0.000e+00  2.533e-09
 9.225e-01  2.369e-01  0.000e+00  1.141e-02  4.551e-02  3.895e-01  5.274e-02  2.624e-01  1.418e-03  0.000e+00  2.743e-09
 9.260e-01  2.219e-01  0.000e+00  1.112e-02  4.149e-02  4.130e-01  5.201e-02  2.589e-01  1.395e-03  0.000e+00  2.949e-09
 9.294e-01  2.072e-01  0.000e+00  1.083e-02  3.756e-02  4.360e-01  5.129e-02  2.556e-01  1.372e-03  0.000e+00  3.151e-09
 9.329e-01  1.927e-01  0.000e+00  1.055e-02  3.369e-02  4.583e-01  5.065e-02  2.526e-01  1.356e-03  0.000e+00  3.389e-09
 9.364e-01  1.780e-01  0.000e+00  1.021e-02  2.993e-02  4.779e-01  5.050e-02  2.519e-01  1.402e-03  0.000e+00  3.979e-09
 9.398e-01  1.658e-01  0.000e+00  9.786e-03  2.737e-02  4.974e-01  4.977e-02  2.483e-01  1.429e-03  0.000e+00  4.497e-09
 9.433e-01  1.542e-01  0.000e+00  9.383e-03  2.496e-02  5.158e-01  4.908e-02  2.449e-01  1.455e-03  0.000e+00  4.987e-09
 9.468e-01  1.433e-01  0.000e+00  9.002e-03  2.268e-02  5.333e-01  4.843e-02  2.417e-01  1.479e-03  0.000e+00  5.449e-09
 9.503e-01  1.329e-01  0.000e+00  8.641e-03  2.052e-02  5.498e-01  4.781e-02  2.386e-01  1.503e-03  0.000e+00  5.888e-09
 9.538e-01  1.231e-01  0.000e+00  8.299e-03  1.847e-02  5.655e-01  4.723e-02  2.358e-01  1.525e-03  0.000e+00  6.304e-09
 9.573e-01  1.137e-01  0.000e+00  7.973e-03  1.652e-02  5.804e-01  4.667e-02  2.330e-01  1.546e-03  0.000e+00  6.699e-09
 1.100e+00  0.000e+00  0.000e+00  0.000e+00  0.000e+00  0.000e+00  1.709e-01  8.186e-01  1.036e-02  3.192e-05  6.052e-08
 1.104e+00  0.000e+00  0.000e+00  0.000e+00  0.000e+00  0.000e+00  1.708e-01  8.186e-01  1.039e-02  3.464e-05  6.069e-08
 1.107e+00  0.000e+00  0.000e+00  0.000e+00  0.000e+00  0.000e+00  1.708e-01  8.187e-01  1.041e-02  3.729e-05  6.086e-08
 1.111e+00  0.000e+00  0.000e+00  0.000e+00  0.000e+00  0.000e+00  1.707e-01  8.187e-01  1.044e-02  3.989e-05  6.102e-08
 1.115e+00  0.000e+00  0.000e+00  0.000e+00  0.000e+00  0.000e+00  1.707e-01  8.187e-01  1.046e-02  4.242e-05  6.119e-08
 1.119e+00  0.000e+00  0.000e+00  0.000e+00  0.000e+00  0.000e+00  1.706e-01  8.188e-01  1.049e-02  4.490e-05  6.134e-08
 1.122e+00  0.000e+00  0.000e+00  0.000e+00  0.000e+00  0.000e+00  1.705e-01  8.188e-01  1.051e-02  4.731e-05  6.150e-08
 1.126e+00  0.000e+00  0.000e+00  0.000e+00  0.000e+00  0.000e+00  1.705e-01  8.188e-01  1.054e-02  4.967e-05  6.165e-08
 1.130e+00  0.000e+00  0.000e+00  0.000e+00  0.000e+00  0.000e+00  1.704e-01  8.189e-01  1.056e-02  5.199e-05  6.179e-08
 1.134e+00  0.000e+00  0.000e+00  0.000e+00  0.000e+00  0.000e+00  1.704e-01  8.189e-01  1.058e-02  5.424e-05  6.194e-08
 1.137e+00  0.000e+00  0.000e+00  0.000e+00  0.000e+00  0.000e+00  1.703e-01  8.190e-01  1.059e-02  5.857e-05  6.205e-08
 1.141e+00  0.000e+00  0.000e+00  0.000e+00  0.000e+00  0.000e+00  1.701e-01  8.191e-01  1.060e-02  6.303e-05  6.215e-08
 1.145e+00  0.000e+00  0.000e+00  0.000e+00  0.000e+00  0.000e+00  1.700e-01  8.192e-01  1.061e-02  6.748e-05  6.226e-08
 1.149e+00  0.000e+00  0.000e+00  0.000e+00  0.000e+00  0.000e+00  1.699e-01  8.193e-01  1.061e-02  7.189e-05  6.237e-08
 1.152e+00  0.000e+00  0.000e+00  0.000e+00  0.000e+00  0.000e+00  1.697e-01  8.195e-01  1.062e-02  7.628e-05  6.247e-08
 1.156e+00  0.000e+00  0.000e+00  0.000e+00  0.000e+00  0.000e+00  1.696e-01  8.196e-01  1.063e-02  8.065e-05  6.258e-08
 1.160e+00  0.000e+00  0.000e+00  0.000e+00  0.000e+00  0.000e+00  1.695e-01  8.197e-01  1.064e-02  8.499e-05  6.268e-08
 1.164e+00  0.000e+00  0.000e+00  0.000e+00  0.000e+00  0.000e+00  1.694e-01  8.198e-01  1.064e-02  8.931e-05  6.278e-08
 1.168e+00  0.000e+00  0.000e+00  0.000e+00  0.000e+00  0.000e+00  1.692e-01  8.199e-01  1.065e-02  9.361e-05  6.289e-08
 1.172e+00  0.000e+00  0.000e+00  0.000e+00  0.000e+00  0.000e+00  1.691e-01  8.200e-01  1.066e-02  9.788e-05  6.299e-08
 1.175e+00  0.000e+00  0.000e+00  0.000e+00  0.000e+00  0.000e+00  1.690e-01  8.202e-01  1.066e-02  1.021e-04  6.309e-08
 1.179e+00  0.000e+00  0.000e+00  0.000e+00  0.000e+00  0.000e+00  1.689e-01  8.203e-01  1.067e-02  1.063e-04  6.319e-08
 1.183e+00  0.000e+00  0.000e+00  0.000e+00  0.000e+00  0.000e+00  1.687e-01  8.204e-01  1.068e-02  1.105e-04  6.329e-08
 1.187e+00  0.000e+00  0.000e+00  0.000e+00  0.000e+00  0.000e+00  1.686e-01  8.205e-01  1.068e-02  1.147e-04  6.339e-08
 1.191e+00  0.000e+00  0.000e+00  0.000e+00  0.000e+00  0.000e+00  1.685e-01  8.206e-01  1.071e-02  1.212e-04  6.371e-08
 1.195e+00  0.000e+00  0.000e+00  0.000e+00  0.000e+00  0.000e+00  1.683e-01  8.207e-01  1.074e-02  1.280e-04  6.404e-08
 1.198e+00  0.000e+00  0.000e+00  0.000e+00  0.000e+00  0.000e+00  1.682e-01  8.208e-01  1.077e-02  1.348e-04  6.438e-08
 1.202e+00  0.000e+00  0.000e+00  0.000e+00  0.000e+00  0.000e+00  1.681e-01  8.209e-01  1.080e-02  1.417e-04  6.472e-08
 1.206e+00  0.000e+00  0.000e+00  0.000e+00  0.000e+00  0.000e+00  1.679e-01  8.210e-01  1.083e-02  1.486e-04  6.506e-08
 1.210e+00  0.000e+00  0.000e+00  0.000e+00  0.000e+00  0.000e+00  1.678e-01  8.211e-01  1.087e-02  1.556e-04  6.541e-08
 1.214e+00  0.000e+00  0.000e+00  0.000e+00  0.000e+00  0.000e+00  1.676e-01  8.212e-01  1.090e-02  1.627e-04  6.576e-08
 1.218e+00  0.000e+00  0.000e+00  0.000e+00  0.000e+00  0.000e+00  1.675e-01  8.213e-01  1.093e-02  1.699e-04  6.611e-08
 1.222e+00  0.000e+00  0.000e+00  0.000e+00  0.000e+00  0.000e+00  1.673e-01  8.214e-01  1.096e-02  1.771e-04  6.647e-08
 1.226e+00  0.000e+00  0.000e+00  0.000e+00  0.000e+00  0.000e+00  1.672e-01  8.215e-01  1.099e-02  1.844e-04  6.683e-08
 1.230e+00  0.000e+00  0.000e+00  0.000e+00  0.000e+00  0.000e+00  1.670e-01  8.216e-01  1.103e-02  1.918e-04  6.719e-08
 1.234e+00  0.000e+00  0.000e+00  0.000e+00  0.000e+00  0.000e+00  1.669e-01  8.217e-01  1.106e-02  1.992e-04  6.756e-08
 1.237e+00  0.000e+00  0.000e+00  0.000e+00  0.000e+00  0.000e+00  1.667e-01  8.219e-01  1.109e-02  2.067e-04  6.793e-08
 1.241e+00  0.000e+00  0.000e+00  0.000e+00  0.000e+00  0.000e+00  1.666e-01  8.220e-01  1.113e-02  2.143e-04  6.830e-08
 1.245e+00  0.000e+00  0.000e+00  0.000e+00  0.000e+00  0.000e+00  1.665e-01  8.220e-01  1.120e-02  2.249e-04  6.905e-08
 1.249e+00  0.000e+00  0.000e+00  0.000e+00  0.000e+00  0.000e+00  1.663e-01  8.221e-01  1.127e-02  2.360e-04  6.983e-08
 1.253e+00  0.000e+00  0.000e+00  0.000e+00  0.000e+00  0.000e+00  1.662e-01  8.221e-01  1.134e-02  2.472e-04  7.062e-08
 1.257e+00  0.000e+00  0.000e+00  0.000e+00  0.000e+00  0.000e+00  1.661e-01  8.222e-01  1.141e-02  2.586e-04  7.143e-08
 1.261e+00  0.000e+00  0.000e+00  0.000e+00  0.000e+00  0.000e+00  1.659e-01  8.222e-01  1.148e-02  2.702e-04  7.226e-08
 1.265e+00  0.000e+00  0.000e+00  0.000e+00  0.000e+00  0.000e+00  1.658e-01  8.222e-01  1.156e-02  2.821e-04  7.309e-08
 1.269e+00  0.000e+00  0.000e+00  0.000e+00  0.000e+00  0.000e+00  1.657e-01  8.223e-01  1.163e-02  2.941e-04  7.395e-08
 1.273e+00  0.000e+00  0.000e+00  0.000e+00  0.000e+00  0.000e+00  1.655e-01  8.223e-01  1.171e-02  3.064e-04  7.482e-08
 1.277e+00  0.000e+00  0.000e+00  0.000e+00  0.000e+00  0.000e+00  1.654e-01  8.224e-01  1.179e-02  3.189e-04  7.570e-08
 1.281e+00  0.000e+00  0.000e+00  0.000e+00  0.000e+00  0.000e+00  1.652e-01  8.225e-01  1.187e-02  3.317e-04  7.660e-08
 1.285e+00  0.000e+00  0.000e+00  0.000e+00  0.000e+00  0.000e+00  1.651e-01  8.225e-01  1.195e-02  3.447e-04  7.753e-08
 1.289e+00  0.000e+00  0.000e+00  0.000e+00  0.000e+00  0.000e+00  1.649e-01  8.226e-01  1.204e-02  3.579e-04  7.846e-08
 1.293e+00  0.000e+00  0.000e+00  0.000e+00  0.000e+00  0.000e+00  1.648e-01  8.226e-01  1.212e-02  3.714e-04  7.942e-08
 1.297e+00  0.000e+00  0.000e+00  0.000e+00  0.000e+00  0.000e+00  1.646e-01  8.227e-01  1.221e-02  3.852e-04  8.039e-08
 1.301e+00  0.000e+00  0.000e+00  0.000e+00  0.000e+00  0.000e+00  1.646e-01  8.226e-01  1.229e-02  4.020e-04  8.164e-08
 1.305e+00  0.000e+00  0.000e+00  0.000e+00  0.000e+00  0.000e+00  1.646e-01  8.225e-01  1.237e-02  4.193e-04  8.292e-08
 1.309e+00  0.000e+00  0.000e+00  0.000e+00  0.000e+00  0.000e+00  1.646e-01  8.224e-01  1.245e-02  4.369e-04  8.422e-08
 1.313e+00  0.000e+00  0.000e+00  0.000e+00  0.000e+00  0.000e+00  1.646e-01  8.223e-01  1.254e-02  4.549e-04  8.554e-08
 1.317e+00  0.000e+00  0.000e+00  0.000e+00  0.000e+00  0.000e+00  1.646e-01  8.222e-01  1.262e-02  4.731e-04  8.689e-08
 1.321e+00  0.000e+00  0.000e+00  0.000e+00  0.000e+00  0.000e+00  1.647e-01  8.220e-01  1.271e-02  4.916e-04  8.826e-08
 1.325e+00  0.000e+00  0.000e+00  0.000e+00  0.000e+00  0.000e+00  1.647e-01  8.219e-01  1.280e-02  5.105e-04  8.965e-08
 1.329e+00  0.000e+00  0.000e+00  0.000e+00  0.000e+00  0.000e+00  1.647e-01  8.218e-01  1.289e-02  5.297e-04  9.107e-08
 1.333e+00  0.000e+00  0.000e+00  0.000e+00  0.000e+00  0.000e+00  1.647e-01  8.217e-01  1.298e-02  5.492e-04  9.252e-08
 1.337e+00  0.000e+00  0.000e+00  0.000e+00  0.000e+00  0.000e+00  1.647e-01  8.216e-01  1.307e-02  5.692e-04  9.399e-08
 1.342e+00  0.000e+00  0.000e+00  0.000e+00  0.000e+00  0.000e+00  1.647e-01  8.215e-01  1.316e-02  5.895e-04  9.549e-08
 1.346e+00  0.000e+00  0.000e+00  0.000e+00  0.000e+00  0.000e+00  1.647e-01  8.213e-01  1.326e-02  6.101e-04  9.702e-08
 1.350e+00  0.000e+00  0.000e+00  0.000e+00  0.000e+00  0.000e+00  1.647e-01  8.212e-01  1.336e-02  6.312e-04  9.858e-08
